1 51, 211, 321, 528
2 61, 206, 271, 367, 401, 532
3 93, 137, 285, 382, 467
4 111, 196, 338, 417, 585
5 125, 214, 249, 357, 528
6 121, 197, 319, 516
7 53, 116, 190, 238, 357, 421, 491
8 80, 281, 378, 510
10 10, 55, 207, 376, 478
12 87, 207, 434, 476
13 51, 250, 400, 476
14 35, 249, 352, 493
15 88, 168, 346, 393, 576
16 38, 186, 352, 474, 543
17 31, 280, 339, 526
18 47, 233, 381, 479
20 63, 205, 278, 367, 534
21 117, 223, 391, 558
22 75, 279, 365, 565
24 52, 223, 418, 481
25 99, 169, 399, 545
27 23, 266, 349, 486
28 75, 261, 407, 513
29 33, 255, 415, 520
30 61, 196, 372, 546
31 28, 270, 386, 523
34 96, 219, 338, 395, 547
35 42, 260, 334, 562